10:29:01.296455 0.000000 PR840 PS00c0 D -0.015 -0.04 -0.025 -0.065 -0.11 -0.105 -0.125 -0.12 -0.08 -0.08 
10:29:01.296708 0.000000 PR840 PS00c1 D -0.05 0.015 0 0 -0.12 -0.13 -0.11 -0.13 -0.115 0.005 
10:29:01.296825 0.000000 PR840 PS00c2 D -0.005 -0.05 -0.005 -0.005 -0.1 -0.11 -0.1 -0.115 -0.08 0.01 
10:29:01.296910 0.000000 PR840 PS00c3 D -0.04 0.01 0.025 -0.01 -0.14 -0.145 -0.1 -0.105 -0.105 -0.005 
10:29:01.296988 0.000000 PR840 PS00c4 D 0.015 0.01 -0.04 -0.085 -0.09 -0.11 -0.115 -0.135 -0.095 -0.04 
10:29:01.297065 0.000000 PR840 PS00c5 D -0.01 -0.04 -0.065 -0.085 -0.12 -0.12 -0.115 -0.085 -0.06 -0.02 
10:29:01.297141 0.000000 PR840 PS00c6 D -0.005 -0.02 -0.01 -0.055 -0.11 -0.12 -0.12 -0.125 -0.13 -0.05 
10:29:01.297217 0.000000 PR840 PS00c7 D -0.015 0.005 -0.025 -0.095 -0.135 -0.14 -0.145 -0.12 -0.07 -0.04 
10:29:01.297292 0.000000 PR840 PS00c8 D 0.005 -0.02 0.005 -0.075 -0.17 -0.135 -0.125 -0.075 -0.02 0.015 
10:29:01.297368 0.000000 PR840 PS00c9 D 0 -0.025 0 -0.04 -0.09 -0.1 -0.1 -0.07 -0.045 0.005 
10:29:01.297445 0.000000 PR840 PS00ca D 0.05 0.04 0.07 -0.055 -0.155 -0.095 -0.075 -0.065 -0.035 0.025 
10:29:01.297520 0.000000 PR840 PS00cb D 0.03 -0.015 -0.09 -0.115 -0.105 -0.115 -0.145 -0.135 -0.055 -0.035 
10:29:01.297594 0.000000 PR840 PS00cc D -0.035 -0.055 -0.06 -0.105 -0.115 -0.145 -0.14 -0.115 -0.04 -0.05 
10:29:01.297668 0.000000 PR840 PS00cd D -0.04 -0.045 -0.06 -0.12 -0.135 -0.15 -0.155 -0.17 -0.065 -0.13 
10:29:01.297742 0.000000 PR840 PS00ce D -0.055 -0.05 -0.095 -0.175 -0.165 -0.14 -0.155 -0.135 -0.085 -0.085 
10:29:01.297816 0.000000 PR840 PS00cf D -0.045 -0.06 -0.07 -0.135 -0.165 -0.18 -0.155 -0.145 -0.095 -0.09 
10:29:01.297890 0.000000 PR840 PS00d0 D -0.06 -0.05 -0.11 -0.16 -0.17 -0.19 -0.22 -0.18 -0.125 -0.07 
10:29:01.297963 0.000000 PR840 PS00d1 D -0.005 0.025 0.075 0.035 0.07 0.145 0.19 0.275 0.51 0.63 
10:29:01.298036 0.000000 PR840 PS00d2 D 0.665 0.64 0.605 0.47 0.39 0.31 0.22 0.155 0.06 0.015 
10:29:01.298110 0.000000 PR840 PS00d3 D -0.12 -0.17 -0.17 -0.215 -0.23 -0.215 -0.175 -0.14 -0.055 -0.03 
10:29:01.298184 0.000000 PR840 PS00d4 D 0 -0.025 -0.1 -0.13 -0.145 -0.125 -0.135 -0.115 -0.09 -0.06 
10:29:01.298258 0.000000 PR840 PS00d5 D -0.005 -0.005 -0.045 -0.135 -0.15 -0.13 -0.145 -0.085 -0.045 -0.045 
10:29:01.298333 0.000000 PR840 PS00d6 D -0.015 -0.01 -0.045 -0.095 -0.13 -0.12 -0.105 -0.045 0 -0.01 
10:29:01.298406 0.000000 PR840 PS00d7 D -0.02 -0.025 -0.05 -0.075 -0.105 -0.12 -0.12 -0.06 -0.03 0.005 
10:29:01.298479 0.000000 PR840 PS00d8 D -0.01 0.01 -0.025 -0.045 -0.08 -0.095 -0.085 0.005 0.015 0.01 
10:29:01.298593 0.000000 PR840 PS00d9 D 0.015 -0.03 -0.07 -0.06 -0.065 -0.045 -0.05 -0.015 0.05 0.06 
10:29:01.298670 0.000000 PR840 PS00da D 0.065 0.05 0 -0.02 -0.03 -0.05 -0.05 0.06 0.1 0.105 
10:29:01.298745 0.000000 PR840 PS00db D 0.085 0.1 0.045 0.025 0.025 0.025 0.075 0.135 0.195 0.13 
10:29:01.298818 0.000000 PR840 PS00dc D 0.165 0.185 0.12 0.09 0.095 0.085 0.12 0.185 0.22 0.245 
10:29:01.298891 0.000000 PR840 PS00dd D 0.21 0.2 0.16 0.135 0.13 0.115 0.11 0.16 0.18 0.185 
10:29:01.298965 0.000000 PR840 PS00de D 0.205 0.17 0.12 0.06 0.065 0.05 0.07 0.14 0.135 0.12 
10:29:01.299038 0.000000 PR840 PS00df D 0.08 0.09 -0.015 -0.055 -0.07 -0.02 -0.095 -0.01 0.045 0.05 
10:29:01.299111 0.000000 PR840 PS00e0 D 0.025 -0.04 -0.095 -0.115 -0.12 -0.075 -0.08 -0.035 -0.045 -0.025 
10:29:01.299184 0.000000 PR840 PS00e1 D -0.08 -0.06 -0.11 -0.13 -0.135 -0.13 -0.15 -0.06 -0.02 -0.02 
10:29:01.299257 0.000000 PR840 PS00e2 D -0.055 -0.065 -0.12 -0.13 -0.12 -0.155 -0.125 -0.05 -0.01 -0.055 
10:29:01.299331 0.000000 PR840 PS00e3 D -0.05 -0.08 -0.115 -0.14 -0.175 -0.18 -0.11 -0.045 -0.03 -0.065 
10:29:01.299404 0.000000 PR840 PS00e4 D -0.095 -0.085 -0.12 -0.145 -0.13 -0.1 -0.095 -0.09 -0.055 -0.03 
10:29:01.299478 0.000000 PR840 PS00e5 D -0.025 -0.045 -0.13 -0.145 -0.165 -0.12 -0.065 -0.01 -0.015 -0.04 
10:29:01.299552 0.000000 PR840 PS00e6 D -0.04 -0.06 -0.09 -0.095 -0.1 -0.105 -0.12 -0.03 0 -0.035 
10:29:01.299626 0.000000 PR840 PS00e7 D -0.02 -0.065 -0.12 -0.135 -0.11 -0.105 -0.055 -0.05 -0.055 -0.035 
10:29:01.299700 0.000000 PR840 PS00e8 D -0.035 -0.085 -0.12 -0.12 -0.135 -0.145 -0.055 -0.075 -0.075 -0.02 
10:29:01.299773 0.000000 PR840 PS00e9 D -0.02 -0.12 -0.125 -0.11 -0.1 -0.085 -0.05 -0.005 -0.015 -0.065 
10:29:01.299847 0.000000 PR840 PS00ea D -0.05 -0.115 -0.115 -0.145 -0.125 -0.185 -0.135 -0.075 -0.045 -0.025 
10:29:01.299921 0.000000 PR840 PS00eb D -0.04 -0.11 -0.11 -0.11 -0.125 -0.15 -0.07 -0.01 -0.07 -0.07 
10:29:01.299994 0.000000 PR840 PS00ec D -0.06 -0.145 -0.17 -0.17 -0.135 -0.1 -0.045 0.015 0.02 -0.01 
10:29:01.300067 0.000000 PR840 PS00ed D -0.02 -0.085 -0.1 -0.105 -0.08 -0.1 -0.05 -0.02 -0.025 -0.04 
10:29:01.300140 0.000000 PR840 PS00ee D -0.025 -0.1 -0.155 -0.17 -0.1 -0.06 0.015 0.05 0.035 -0.005 
10:29:01.300212 0.000000 PR840 PS00ef D -0.05 -0.11 -0.07 -0.07 -0.09 -0.06 0.02 0.045 0.015 -0.04 
10:29:01.300286 0.000000 PR840 PS00f0 D -0.065 -0.13 -0.145 -0.13 -0.125 -0.095 -0.04 -0.035 -0.025 -0.03 
10:29:01.300359 0.000000 PR840 PS00f1 D -0.055 -0.115 -0.17 -0.165 -0.135 -0.14 -0.105 -0.075 -0.025 -0.035 
