10:29:21.317444 0.000000 PR840 PS0124 D -0.015 -0.015 0.015 0.11 0.14 0.09 -0.01 -0.035 0 -0.005 
10:29:21.317672 0.000000 PR840 PS0125 D 0 0.02 0.045 0.105 0.11 0.115 0.08 0.035 0.025 -0.005 
10:29:21.317777 0.000000 PR840 PS0126 D 0.015 0.025 0.115 0.11 0.125 0.15 0.09 0.04 0.025 0.03 
10:29:21.317877 0.000000 PR840 PS0127 D 0.055 0.07 0.12 0.17 0.18 0.185 0.185 0.135 0.09 0.09 
10:29:21.317955 0.000000 PR840 PS0128 D 0.065 0.11 0.145 0.19 0.195 0.225 0.26 0.19 0.17 0.175 
10:29:21.318031 0.000000 PR840 PS0129 D 0.205 0.22 0.25 0.285 0.31 0.285 0.31 0.255 0.25 0.21 
10:29:21.318106 0.000000 PR840 PS012a D 0.22 0.235 0.31 0.34 0.345 0.335 0.3 0.26 0.22 0.19 
10:29:21.318179 0.000000 PR840 PS012b D 0.185 0.205 0.265 0.265 0.255 0.275 0.225 0.13 0.08 0.085 
10:29:21.318251 0.000000 PR840 PS012c D 0.075 0.11 0.15 0.165 0.17 0.155 0.1 0.04 0.005 -0.005 
10:29:21.318324 0.000000 PR840 PS012d D -0.005 0.03 0.095 0.105 0.11 0.005 0.035 -0.005 -0.015 -0.03 
10:29:21.318398 0.000000 PR840 PS012e D -0.02 -0.005 0.06 0.06 0.06 0.06 0.02 -0.035 -0.065 -0.045 
10:29:21.318470 0.000000 PR840 PS012f D -0.025 -0.025 0.02 0.03 0.055 0.035 -0.035 -0.05 -0.04 -0.04 
10:29:21.318598 0.000000 PR840 PS0130 D -0.025 -0.01 0.03 0.045 0.055 0.025 0.01 -0.035 -0.055 -0.065 
10:29:21.318681 0.000000 PR840 PS0131 D -0.05 0.045 0.065 0.035 0.045 0.065 0.035 -0.03 -0.055 -0.02 
10:29:21.318755 0.000000 PR840 PS0132 D -0.035 0.05 0.07 0.07 0.05 0.065 0.02 -0.095 -0.06 -0.035 
10:29:21.318828 0.000000 PR840 PS0133 D -0.015 0.04 0.055 0.02 0.045 0.085 0.015 -0.01 -0.035 -0.055 
10:29:21.318902 0.000000 PR840 PS0134 D -0.04 0 0.075 0.065 0.07 0.06 -0.015 -0.045 -0.065 -0.035 
10:29:21.318975 0.000000 PR840 PS0135 D -0.025 0.03 0.085 0.06 0.055 0.035 0.01 -0.005 -0.035 -0.025 
10:29:21.319047 0.000000 PR840 PS0136 D -0.04 0.03 0.075 0.08 0.09 0.07 -0.005 -0.05 -0.04 -0.055 
10:29:21.319120 0.000000 PR840 PS0137 D -0.04 0.035 0.065 0.025 0.035 0.02 -0.015 -0.045 -0.065 -0.025 
10:29:21.319193 0.000000 PR840 PS0138 D -0.01 0.045 0.03 0.04 0.035 0 -0.06 -0.08 -0.06 -0.095 
10:29:21.319267 0.000000 PR840 PS0139 D -0.02 0.075 0.085 0.095 0.055 0.06 -0.03 -0.04 -0.055 -0.03 
10:29:21.319340 0.000000 PR840 PS013a D -0.025 0.04 0.055 0.06 0.055 0.045 -0.005 -0.035 -0.045 -0.06 
10:29:21.319413 0.000000 PR840 PS013b D -0.075 0.015 0.05 0.035 0.065 0.015 -0.05 -0.07 -0.06 -0.05 
10:29:21.319486 0.000000 PR840 PS013c D 0 0.05 0.03 0.04 0.055 0.02 -0.035 -0.07 -0.07 -0.04 
10:29:21.319560 0.000000 PR840 PS013d D -0.025 0.04 0.06 0.075 0.06 0.01 -0.035 -0.045 -0.05 -0.085 
10:29:21.319633 0.000000 PR840 PS013e D -0.03 0.04 0.065 0.1 0.08 0.03 -0.03 -0.09 -0.08 -0.06 
10:29:21.319705 0.000000 PR840 PS013f D -0.015 0.06 0.06 0.045 0.05 -0.015 -0.06 -0.1 -0.06 -0.07 
10:29:21.319778 0.000000 PR840 PS0140 D 0.02 0.05 0.07 0.045 0.055 0.005 -0.045 -0.095 -0.05 -0.015 
10:29:21.319850 0.000000 PR840 PS0141 D -0.015 0.04 0.045 0.065 0.045 -0.05 -0.085 -0.085 -0.105 -0.05 
10:29:21.319923 0.000000 PR840 PS0142 D 0.03 0.075 0.075 0.055 0.035 0 -0.015 -0.05 -0.055 -0.03 
10:29:21.319996 0.000000 PR840 PS0143 D 0.06 0.105 0.09 0.105 0.065 0.005 -0.055 -0.045 0 0.005 
10:29:21.320069 0.000000 PR840 PS0144 D 0.06 0.1 0.135 0.1 0.07 0.01 0.02 -0.015 0.02 0.01 
10:29:21.320142 0.000000 PR840 PS0145 D 0.105 0.12 0.115 0.05 0.08 -0.005 0 -0.015 -0.025 -0.02 
10:29:21.320214 0.000000 PR840 PS0146 D 0.04 0.04 0.06 0.04 0.045 -0.035 -0.055 -0.065 -0.04 -0.045 
10:29:21.320285 0.000000 PR840 PS0147 D 0.01 0.055 0.08 0.04 0.06 -0.02 -0.095 -0.085 -0.055 -0.055 
10:29:21.320358 0.000000 PR840 PS0148 D -0.01 0.06 0.065 0.035 -0.01 -0.06 -0.065 -0.075 -0.065 -0.075 
10:29:21.320431 0.000000 PR840 PS0149 D 0.045 0.045 0.06 0.03 -0.01 -0.045 -0.085 -0.045 -0.06 -0.04 
10:29:21.320503 0.000000 PR840 PS014a D 0.05 0.045 0.035 0.025 0.015 -0.065 -0.055 -0.09 -0.06 -0.05 
10:29:21.320576 0.000000 PR840 PS014b D 0.005 0 0.02 -0.03 -0.05 -0.05 -0.06 -0.015 0.03 0.11 
10:29:21.320650 0.000000 PR840 PS014c D 0.205 0.31 0.4 0.455 0.49 0.565 0.635 0.595 0.625 0.615 
10:29:21.320722 0.000000 PR840 PS014d D 0.595 0.565 0.475 0.365 0.2 0 -0.075 -0.155 -0.135 -0.11 
10:29:21.320794 0.000000 PR840 PS014e D -0.09 -0.055 -0.045 -0.045 -0.025 -0.025 -0.015 -0.03 -0.005 0.025 
10:29:21.320867 0.000000 PR840 PS014f D 0.065 0.09 0.025 0.005 -0.005 -0.01 -0.045 -0.04 -0.03 0.02 
10:29:21.320939 0.000000 PR840 PS0150 D 0.055 0.045 0.095 0.09 0.035 -0.015 0 0.01 0.03 0.095 
10:29:21.321012 0.000000 PR840 PS0151 D 0.095 0.035 0.045 0.05 0.035 -0.015 -0.035 -0.02 -0.025 0.06 
10:29:21.321084 0.000000 PR840 PS0152 D 0.105 0.09 0.065 0.06 0.055 0.02 0.025 0.035 0.025 0.115 
10:29:21.321170 0.000000 PR840 PS0153 D 0.09 0.08 0.1 0.09 0.025 0.055 0.03 0.065 0.075 0.13 
10:29:21.321192 0.000000 PR840 PS0154 D 0.175 0.16 0.075 0.09 0.065 0.05 0.045 0.07 0.07 0.15 
10:29:21.321214 0.000000 PR840 PS0155 D 0.185 0.155 0.14 0.16 0.135 0.11 0.1 0.125 0.12 0.155 
