10:29:11.305302 0.000000 PR840 PS00f2 D -0.075 -0.145 -0.135 -0.16 -0.2 -0.17 -0.1 -0.055 -0.075 -0.07 
10:29:11.305352 0.000000 PR840 PS00f3 D -0.085 -0.175 -0.19 -0.17 -0.13 -0.11 -0.045 -0.07 -0.05 -0.095 
10:29:11.305377 0.000000 PR840 PS00f4 D -0.1 -0.145 -0.14 -0.175 -0.165 -0.15 -0.075 -0.055 -0.1 -0.09 
10:29:11.305400 0.000000 PR840 PS00f5 D -0.155 -0.195 -0.19 -0.18 -0.22 -0.185 -0.09 -0.055 -0.015 0.035 
10:29:11.305421 0.000000 PR840 PS00f6 D 0.03 0.07 0.125 0.2 0.24 0.325 0.54 0.695 0.69 0.665 
10:29:11.305443 0.000000 PR840 PS00f7 D 0.56 0.485 0.415 0.325 0.245 0.19 0.12 0.025 -0.095 -0.155 
10:29:11.305464 0.000000 PR840 PS00f8 D -0.195 -0.2 -0.19 -0.15 -0.115 -0.085 -0.03 -0.045 -0.02 -0.01 
10:29:11.305484 0.000000 PR840 PS00f9 D -0.09 -0.11 -0.15 -0.165 -0.13 -0.065 -0.05 -0.035 -0.03 -0.02 
10:29:11.305504 0.000000 PR840 PS00fa D -0.085 -0.11 -0.105 -0.11 -0.065 -0.035 -0.04 -0.015 -0.005 -0.03 
10:29:11.305526 0.000000 PR840 PS00fb D -0.07 -0.11 -0.115 -0.095 -0.07 -0.03 0.02 0.015 -0.01 0.01 
10:29:11.305546 0.000000 PR840 PS00fc D -0.035 -0.045 -0.09 -0.115 -0.075 -0.015 0.025 -0.025 -0.015 -0.005 
10:29:11.305567 0.000000 PR840 PS00fd D -0.06 -0.065 -0.07 -0.045 -0.045 0.005 0.025 0.065 0.055 0.05 
10:29:11.305587 0.000000 PR840 PS00fe D -0.035 -0.04 -0.055 -0.025 0.035 -0.005 0.065 0.05 0.04 0.04 
10:29:11.305608 0.000000 PR840 PS00ff D -0.01 -0.01 -0.005 0.035 0.065 0.125 0.135 0.135 0.135 0.12 
10:29:11.305628 0.000000 PR840 PS0100 D 0.04 0.03 0.03 0.065 0.13 0.175 0.2 0.205 0.2 0.18 
10:29:11.305649 0.000000 PR840 PS0101 D 0.18 0.135 0.095 0.09 0.21 0.26 0.27 0.275 0.26 0.23 
10:29:11.305670 0.000000 PR840 PS0102 D 0.175 0.125 0.145 0.17 0.19 0.225 0.265 0.255 0.255 0.19 
10:29:11.305691 0.000000 PR840 PS0103 D 0.15 0.12 0.11 0.11 0.115 0.125 0.16 0.145 0.11 0.045 
10:29:11.305712 0.000000 PR840 PS0104 D 0.015 0.04 -0.01 -0.09 0.035 0.08 0.1 0.07 0.065 0.02 
10:29:11.305733 0.000000 PR840 PS0105 D -0.02 -0.08 -0.08 -0.08 -0.01 0.03 0.005 -0.005 0 -0.045 
10:29:11.305754 0.000000 PR840 PS0106 D -0.09 -0.105 -0.08 -0.09 0 0 0.03 0.005 -0.045 -0.055 
10:29:11.305775 0.000000 PR840 PS0107 D -0.11 -0.115 -0.095 -0.095 -0.02 0 0.01 0.035 0.035 -0.105 
10:29:11.305795 0.000000 PR840 PS0108 D -0.115 -0.085 -0.08 -0.085 -0.045 -0.02 0.01 0.015 -0.01 -0.05 
10:29:11.305816 0.000000 PR840 PS0109 D -0.065 -0.085 -0.065 -0.05 0.01 0 0.025 0.015 0.01 -0.045 
10:29:11.305837 0.000000 PR840 PS010a D -0.07 -0.1 -0.085 -0.075 -0.015 0.005 0.03 0.03 0.025 -0.08 
10:29:11.305857 0.000000 PR840 PS010b D -0.09 -0.075 -0.065 -0.05 0.03 0.045 0.06 0.02 0.02 -0.01 
10:29:11.305878 0.000000 PR840 PS010c D -0.09 -0.105 -0.075 -0.065 0.02 0.04 0.03 -0.005 0.015 -0.08 
10:29:11.305898 0.000000 PR840 PS010d D -0.085 -0.075 -0.03 -0.055 0.035 0.045 0.035 0.02 0.015 -0.025 
10:29:11.305919 0.000000 PR840 PS010e D -0.04 -0.09 -0.125 -0.07 0.02 0.045 -0.015 -0.01 -0.015 -0.05 
10:29:11.305939 0.000000 PR840 PS010f D -0.06 -0.1 -0.055 -0.015 0.01 -0.01 -0.03 0 0 -0.07 
10:29:11.305960 0.000000 PR840 PS0110 D -0.09 -0.095 -0.08 -0.04 0.02 0.035 0.045 0.015 -0.025 -0.08 
10:29:11.305981 0.000000 PR840 PS0111 D -0.06 -0.115 -0.075 -0.02 0.045 0.045 0.015 -0.01 -0.02 -0.06 
10:29:11.306001 0.000000 PR840 PS0112 D -0.075 -0.07 -0.13 -0.04 -0.015 0.005 0.04 -0.005 -0.03 -0.045 
10:29:11.306021 0.000000 PR840 PS0113 D -0.06 -0.09 -0.055 -0.01 0.005 0.02 -0.005 -0.02 -0.06 -0.08 
10:29:11.306042 0.000000 PR840 PS0114 D -0.055 -0.08 -0.07 -0.005 -0.005 0.005 0.055 0.01 -0.03 -0.04 
10:29:11.306062 0.000000 PR840 PS0115 D -0.055 -0.035 -0.045 0.03 0.055 0.06 0.03 0.04 -0.015 -0.065 
10:29:11.306083 0.000000 PR840 PS0116 D -0.085 -0.09 -0.045 0.07 0.095 0.09 0.095 0.1 0.05 0.005 
10:29:11.306103 0.000000 PR840 PS0117 D -0.065 -0.07 -0.005 0.025 0.08 0.095 0.065 0.055 -0.025 -0.085 
10:29:11.306124 0.000000 PR840 PS0118 D -0.065 -0.025 -0.02 0.005 0.01 0.035 0.04 0.005 -0.07 -0.095 
10:29:11.306144 0.000000 PR840 PS0119 D -0.09 -0.07 -0.06 0 0.025 0.025 -0.065 -0.07 -0.045 -0.055 
10:29:11.306165 0.000000 PR840 PS011a D -0.075 -0.075 -0.07 0.005 0.015 0.035 0.005 -0.015 -0.095 -0.095 
10:29:11.306185 0.000000 PR840 PS011b D -0.085 -0.11 -0.1 -0.07 0.005 0.02 0.03 0 -0.075 -0.1 
10:29:11.306206 0.000000 PR840 PS011c D -0.085 -0.115 -0.06 0 0 -0.01 -0.005 -0.03 -0.09 -0.105 
10:29:11.306226 0.000000 PR840 PS011d D -0.115 -0.12 -0.13 -0.045 -0.005 -0.015 -0.035 -0.05 -0.07 -0.04 
10:29:11.306247 0.000000 PR840 PS011e D -0.005 0.105 0.19 0.31 0.375 0.465 0.51 0.62 0.67 0.69 
10:29:11.306267 0.000000 PR840 PS011f D 0.69 0.615 0.565 0.515 0.44 0.385 0.285 0.145 -0.065 -0.135 
10:29:11.306287 0.000000 PR840 PS0120 D -0.175 -0.185 -0.085 0.005 0.03 0.025 0.015 0.015 -0.02 -0.06 
10:29:11.306308 0.000000 PR840 PS0121 D -0.045 -0.025 -0.005 0.01 0.02 0.01 0.03 0.015 -0.05 -0.075 
10:29:11.306328 0.000000 PR840 PS0122 D -0.075 -0.025 0.02 0.045 0.065 0.025 0.05 0.01 -0.02 -0.045 
10:29:11.306348 0.000000 PR840 PS0123 D -0.03 -0.005 0.045 0.065 0.085 0.06 0.05 0.03 -0.025 -0.055 
