10:28:41.265510 0.000000 PR840 PS005c D -0.04 -0.09 -0.095 -0.11 -0.1 0.02 0.025 -0.025 -0.005 -0.01 
10:28:41.265741 0.000000 PR840 PS005d D -0.045 -0.085 -0.11 -0.085 -0.06 -0.01 0.01 0.05 0.04 0.015 
10:28:41.265864 0.000000 PR840 PS005e D -0.025 -0.04 -0.075 -0.085 -0.095 -0.04 -0.015 -0.005 -0.005 -0.02 
10:28:41.265962 0.000000 PR840 PS005f D -0.08 -0.12 -0.14 -0.14 -0.135 -0.08 -0.035 -0.03 -0.04 -0.045 
10:28:41.266040 0.000000 PR840 PS0060 D -0.115 -0.14 -0.145 -0.125 -0.095 -0.095 -0.045 -0.075 -0.08 -0.07 
10:28:41.266115 0.000000 PR840 PS0061 D -0.15 -0.155 -0.165 -0.125 -0.125 -0.065 -0.07 -0.04 -0.04 -0.05 
10:28:41.266191 0.000000 PR840 PS0062 D -0.13 -0.165 -0.135 -0.115 -0.165 -0.12 -0.06 -0.015 -0.03 -0.06 
10:28:41.266264 0.000000 PR840 PS0063 D -0.14 -0.155 -0.19 -0.165 -0.17 -0.1 -0.095 -0.095 -0.07 -0.05 
10:28:41.266337 0.000000 PR840 PS0064 D -0.05 -0.065 -0.09 0.045 0.165 0.275 0.39 0.53 0.655 0.73 
10:28:41.266413 0.000000 PR840 PS0065 D 0.685 0.665 0.64 0.575 0.47 0.44 0.36 0.24 0.085 -0.045 
10:28:41.266487 0.000000 PR840 PS0066 D -0.19 -0.265 -0.275 -0.24 -0.18 -0.095 -0.06 -0.06 -0.01 -0.025 
10:28:41.266640 0.000000 PR840 PS0067 D -0.09 -0.105 -0.12 -0.12 -0.09 -0.03 -0.02 0.005 -0.05 -0.095 
10:28:41.266741 0.000000 PR840 PS0068 D -0.095 -0.14 -0.115 -0.1 -0.08 -0.005 0.015 0.02 -0.03 -0.04 
10:28:41.266836 0.000000 PR840 PS0069 D -0.065 -0.13 -0.13 -0.09 -0.08 -0.005 0.04 0.025 0.015 -0.025 
10:28:41.266930 0.000000 PR840 PS006a D -0.085 -0.08 -0.08 -0.06 -0.035 0.02 0.05 0.04 0.02 -0.01 
10:28:41.267025 0.000000 PR840 PS006b D -0.065 -0.06 -0.06 -0.085 -0.045 0.025 0.06 0.04 0 -0.005 
10:28:41.267119 0.000000 PR840 PS006c D -0.025 -0.05 -0.04 -0.025 0.05 0.075 0.09 0.095 0.065 0.035 
10:28:41.267212 0.000000 PR840 PS006d D 0.01 0.005 0.01 0.01 0.055 0.085 0.12 0.15 0.13 0.055 
10:28:41.267305 0.000000 PR840 PS006e D 0.01 0.035 0.04 0.065 0.135 0.18 0.21 0.22 0.2 0.125 
10:28:41.267397 0.000000 PR840 PS006f D 0.095 0.15 0.165 0.18 0.215 0.225 0.23 0.25 0.28 0.215 
10:28:41.267489 0.000000 PR840 PS0070 D 0.165 0.175 0.19 0.21 0.265 0.275 0.25 0.245 0.26 0.22 
10:28:41.267580 0.000000 PR840 PS0071 D 0.185 0.155 0.135 0.155 0.2 0.195 0.205 0.19 0.18 0.1 
10:28:41.267671 0.000000 PR840 PS0072 D 0.075 0.04 0.025 0.01 0.08 0.115 0.115 0.09 0.035 -0.015 
10:28:41.267763 0.000000 PR840 PS0073 D -0.025 -0.055 -0.055 -0.045 0 0.025 0.035 0.02 -0.015 -0.065 
10:28:41.267855 0.000000 PR840 PS0074 D -0.07 -0.085 -0.11 -0.085 -0.005 0.02 0.02 -0.03 -0.05 -0.1 
10:28:41.267946 0.000000 PR840 PS0075 D -0.11 -0.11 -0.085 -0.085 -0.04 0.01 0.02 -0.035 -0.06 -0.095 
10:28:41.268036 0.000000 PR840 PS0076 D -0.11 -0.105 -0.105 -0.1 -0.03 0.01 0.055 0.02 -0.055 -0.17 
10:28:41.268127 0.000000 PR840 PS0077 D -0.11 -0.08 -0.07 -0.09 -0.035 0.025 0.03 0.01 0.01 -0.065 
10:28:41.268218 0.000000 PR840 PS0078 D -0.115 -0.145 -0.105 -0.03 0.02 0.03 0.05 0.04 0.01 -0.02 
10:28:41.268310 0.000000 PR840 PS0079 D -0.13 -0.11 -0.09 -0.045 -0.005 0.01 0.01 0.02 -0.02 -0.065 
10:28:41.268401 0.000000 PR840 PS007a D -0.09 -0.11 -0.135 -0.11 0.015 0.05 0.01 0.015 -0.045 -0.08 
10:28:41.268492 0.000000 PR840 PS007b D -0.09 -0.09 -0.07 -0.03 -0.01 -0.025 0.01 0.01 -0.04 -0.06 
10:28:41.268583 0.000000 PR840 PS007c D -0.075 -0.09 -0.125 -0.06 -0.015 -0.01 -0.015 -0.01 -0.045 -0.09 
10:28:41.268674 0.000000 PR840 PS007d D -0.11 -0.075 -0.085 -0.055 -0.005 0.025 -0.045 -0.03 -0.05 -0.115 
10:28:41.268766 0.000000 PR840 PS007e D -0.135 -0.105 -0.09 -0.035 -0.005 -0.01 -0.04 -0.03 -0.07 -0.14 
10:28:41.268857 0.000000 PR840 PS007f D -0.14 -0.1 -0.105 -0.05 -0.045 0.01 0 -0.025 -0.08 -0.1 
10:28:41.268949 0.000000 PR840 PS0080 D -0.105 -0.125 -0.11 -0.05 -0.025 0.01 0.03 0.005 -0.065 -0.075 
10:28:41.269040 0.000000 PR840 PS0081 D -0.1 -0.12 -0.095 -0.02 0.01 0.02 0.08 -0.03 -0.055 -0.085 
10:28:41.269131 0.000000 PR840 PS0082 D -0.09 -0.115 -0.09 -0.005 0.06 0.075 0.045 0.05 -0.02 -0.06 
10:28:41.269222 0.000000 PR840 PS0083 D -0.08 -0.025 -0.025 0.04 0.045 0.06 0.04 0.005 -0.05 -0.08 
10:28:41.269313 0.000000 PR840 PS0084 D -0.105 -0.105 -0.075 0.015 0.005 -0.025 -0.05 -0.03 -0.1 -0.145 
10:28:41.269406 0.000000 PR840 PS0085 D -0.12 -0.11 -0.105 -0.04 -0.03 -0.005 -0.02 -0.045 -0.11 -0.14 
10:28:41.269497 0.000000 PR840 PS0086 D -0.14 -0.11 -0.12 -0.055 -0.03 -0.04 -0.05 -0.045 -0.115 -0.125 
10:28:41.269587 0.000000 PR840 PS0087 D -0.1 -0.14 -0.09 -0.025 0.01 0 -0.08 -0.11 -0.18 -0.19 
10:28:41.269678 0.000000 PR840 PS0088 D -0.19 -0.13 -0.09 -0.015 0 -0.01 -0.045 -0.1 -0.14 -0.145 
10:28:41.269769 0.000000 PR840 PS0089 D -0.165 -0.16 -0.105 -0.09 -0.07 -0.05 -0.015 0.025 0.045 0.045 
10:28:41.269859 0.000000 PR840 PS008a D 0.145 0.21 0.305 0.49 0.64 0.69 0.65 0.58 0.455 0.395 
10:28:41.269950 0.000000 PR840 PS008b D 0.325 0.3 0.28 0.18 0.04 -0.085 -0.155 -0.22 -0.235 -0.25 
10:28:41.270039 0.000000 PR840 PS008c D -0.22 -0.175 -0.085 -0.04 0.01 -0.025 -0.06 -0.095 -0.095 -0.135 
10:28:41.270130 0.000000 PR840 PS008d D -0.11 -0.085 -0.05 0.005 -0.02 -0.01 -0.01 -0.07 -0.1 -0.08 
