10:28:31.251290 0.000000 PR840 PS002a D -0.005 -0.015 -0.02 -0.035 -0.085 -0.12 -0.105 -0.11 -0.095 -0.035 
10:28:31.251457 0.000000 PR840 PS002b D -0.025 -0.01 -0.02 -0.06 -0.1 -0.14 -0.145 -0.08 -0.08 -0.035 
10:28:31.251566 0.000000 PR840 PS002c D -0.015 0 -0.02 -0.075 -0.115 -0.11 -0.12 -0.095 -0.065 -0.005 
10:28:31.251678 0.000000 PR840 PS002d D 0.005 -0.005 -0.06 -0.08 -0.1 -0.095 -0.135 -0.13 -0.085 -0.025 
10:28:31.251769 0.000000 PR840 PS002e D -0.015 0 -0.03 -0.09 -0.15 -0.135 -0.115 -0.115 -0.1 -0.03 
10:28:31.251851 0.000000 PR840 PS002f D -0.005 -0.035 -0.05 -0.06 -0.075 -0.135 -0.145 -0.11 -0.075 -0.03 
10:28:31.251927 0.000000 PR840 PS0030 D -0.02 -0.07 -0.055 -0.09 -0.12 -0.135 -0.115 -0.115 -0.05 -0.115 
10:28:31.252002 0.000000 PR840 PS0031 D -0.03 -0.005 -0.035 -0.095 -0.125 -0.135 -0.115 -0.105 -0.065 -0.015 
10:28:31.252078 0.000000 PR840 PS0032 D -0.03 -0.06 -0.07 -0.095 -0.095 -0.13 -0.115 -0.075 -0.015 -0.01 
10:28:31.252152 0.000000 PR840 PS0033 D -0.005 0.005 0 -0.065 -0.11 -0.13 -0.085 -0.075 -0.005 0.04 
10:28:31.252225 0.000000 PR840 PS0034 D 0.055 0.005 -0.065 -0.055 -0.105 -0.105 -0.065 -0.05 0.01 0.025 
10:28:31.252298 0.000000 PR840 PS0035 D 0.045 0.045 0.02 -0.035 -0.05 -0.065 -0.05 -0.06 -0.005 0.02 
10:28:31.252369 0.000000 PR840 PS0036 D 0.005 -0.015 -0.01 -0.07 -0.1 -0.185 -0.125 -0.1 -0.04 -0.005 
10:28:31.252442 0.000000 PR840 PS0037 D -0.02 -0.03 -0.035 -0.105 -0.12 -0.13 -0.165 -0.165 -0.065 -0.015 
10:28:31.252514 0.000000 PR840 PS0038 D -0.005 -0.055 -0.05 -0.135 -0.15 -0.135 -0.14 -0.12 -0.03 -0.03 
10:28:31.252586 0.000000 PR840 PS0039 D -0.065 -0.085 -0.065 -0.14 -0.145 -0.155 -0.165 -0.1 -0.065 -0.065 
10:28:31.252657 0.000000 PR840 PS003a D -0.05 -0.045 -0.065 -0.135 -0.2 -0.19 -0.15 -0.155 -0.07 -0.07 
10:28:31.252728 0.000000 PR840 PS003b D -0.07 -0.085 -0.145 -0.15 -0.13 -0.08 0.005 0.065 0.2 0.305 
10:28:31.252800 0.000000 PR840 PS003c D 0.35 0.445 0.565 0.645 0.68 0.665 0.645 0.615 0.595 0.505 
10:28:31.252872 0.000000 PR840 PS003d D 0.425 0.3 0.12 -0.06 -0.175 -0.235 -0.245 -0.19 -0.165 -0.1 
10:28:31.252944 0.000000 PR840 PS003e D -0.065 -0.07 -0.09 -0.075 -0.105 -0.115 -0.12 -0.085 -0.06 -0.005 
10:28:31.253015 0.000000 PR840 PS003f D -0.035 -0.04 -0.06 -0.07 -0.08 -0.12 -0.16 -0.085 0.005 -0.025 
10:28:31.253087 0.000000 PR840 PS0040 D 0.01 0 -0.05 -0.095 -0.105 -0.105 -0.095 -0.02 0.005 0.02 
10:28:31.253160 0.000000 PR840 PS0041 D 0.02 0.01 -0.045 -0.085 -0.08 -0.09 -0.12 -0.03 -0.005 0.025 
10:28:31.253231 0.000000 PR840 PS0042 D -0.035 0 -0.035 -0.085 -0.095 -0.075 -0.045 0.015 0.035 0.06 
10:28:31.253302 0.000000 PR840 PS0043 D 0.055 0.005 -0.05 -0.055 -0.03 -0.03 -0.03 0.07 0.065 0.08 
10:28:31.253373 0.000000 PR840 PS0044 D 0.065 0.07 0.015 -0.005 -0.05 -0.05 0.01 0.095 0.075 0.105 
10:28:31.253444 0.000000 PR840 PS0045 D 0.085 0.105 0.03 0.015 0.025 0.03 0.07 0.145 0.16 0.175 
10:28:31.253516 0.000000 PR840 PS0046 D 0.145 0.155 0.13 0.085 0.075 0.115 0.165 0.235 0.24 0.265 
10:28:31.253587 0.000000 PR840 PS0047 D 0.24 0.21 0.185 0.16 0.155 0.2 0.215 0.26 0.29 0.29 
10:28:31.253659 0.000000 PR840 PS0048 D 0.295 0.265 0.175 0.175 0.165 0.175 0.18 0.235 0.255 0.245 
10:28:31.253731 0.000000 PR840 PS0049 D 0.215 0.185 0.1 0.09 0.06 0.06 0.075 0.13 0.13 0.115 
10:28:31.253802 0.000000 PR840 PS004a D 0.08 0.055 -0.02 -0.04 -0.035 -0.035 -0.01 0.04 0.05 0.035 
10:28:31.253873 0.000000 PR840 PS004b D 0.01 -0.005 -0.075 -0.1 -0.1 -0.095 -0.065 -0.01 0 -0.005 
10:28:31.253943 0.000000 PR840 PS004c D -0.015 -0.05 -0.1 -0.12 -0.11 -0.11 -0.08 -0.04 -0.08 -0.045 
10:28:31.253991 0.000000 PR840 PS004d D -0.04 -0.04 -0.075 -0.13 -0.14 -0.11 -0.07 -0.045 -0.025 -0.01 
10:28:31.254013 0.000000 PR840 PS004e D -0.015 -0.055 -0.08 -0.085 -0.14 -0.115 -0.065 -0.015 0 0.02 
10:28:31.254035 0.000000 PR840 PS004f D -0.02 -0.13 -0.16 -0.125 -0.115 -0.11 -0.025 0.01 0.01 0.01 
10:28:31.254057 0.000000 PR840 PS0050 D 0 -0.055 -0.085 -0.105 -0.1 -0.095 -0.04 0.02 -0.035 -0.025 
10:28:31.254079 0.000000 PR840 PS0051 D -0.005 -0.06 -0.1 -0.11 -0.085 -0.1 -0.045 -0.01 0.02 0.01 
10:28:31.254101 0.000000 PR840 PS0052 D -0.005 -0.06 -0.09 -0.095 -0.085 -0.05 -0.01 -0.115 -0.055 0.025 
10:28:31.254123 0.000000 PR840 PS0053 D 0.005 -0.07 -0.125 -0.115 -0.1 -0.11 -0.045 -0.015 0.025 0.005 
10:28:31.254145 0.000000 PR840 PS0054 D -0.03 -0.075 -0.11 -0.125 -0.115 -0.105 -0.06 0 0 -0.005 
10:28:31.254167 0.000000 PR840 PS0055 D -0.035 -0.115 -0.13 -0.135 -0.13 -0.12 -0.03 -0.02 -0.02 -0.03 
10:28:31.254189 0.000000 PR840 PS0056 D -0.04 -0.12 -0.13 -0.125 -0.13 -0.09 -0.045 -0.025 -0.005 -0.015 
10:28:31.254211 0.000000 PR840 PS0057 D -0.06 -0.13 -0.135 -0.125 -0.13 -0.105 -0.025 -0.035 -0.06 -0.045 
10:28:31.254233 0.000000 PR840 PS0058 D -0.045 -0.105 -0.12 -0.135 -0.12 -0.125 -0.055 -0.035 -0.02 -0.06 
10:28:31.254254 0.000000 PR840 PS0059 D -0.07 -0.1 -0.145 -0.125 -0.12 -0.1 -0.02 -0.035 -0.045 -0.05 
10:28:31.254276 0.000000 PR840 PS005a D -0.1 -0.15 -0.12 -0.125 -0.165 -0.105 -0.045 -0.025 -0.015 -0.01 
10:28:31.254298 0.000000 PR840 PS005b D -0.03 -0.09 -0.115 -0.145 -0.11 -0.075 0.005 0.03 0 -0.015 
