10:28:51.281166 0.000000 PR840 PS008e D -0.09 -0.17 -0.065 0.015 -0.01 0.025 0.04 -0.01 -0.115 -0.09 
10:28:51.281385 0.000000 PR840 PS008f D -0.05 -0.04 -0.015 0.005 0.015 0.01 0.03 -0.035 -0.055 -0.095 
10:28:51.281490 0.000000 PR840 PS0090 D -0.09 -0.065 0.02 0.035 0.005 0.02 0.06 -0.03 -0.03 -0.045 
10:28:51.281573 0.000000 PR840 PS0091 D -0.03 -0.01 0.035 -0.055 0.005 0.055 0.02 -0.005 -0.045 -0.045 
10:28:51.281651 0.000000 PR840 PS0092 D 0.005 -0.02 0.06 0.08 0.115 0.105 0.095 0.04 0.015 0 
10:28:51.281728 0.000000 PR840 PS0093 D 0.005 -0.005 0.075 0.09 0.105 0.125 0.125 0.08 0.055 -0.005 
10:28:51.281803 0.000000 PR840 PS0094 D 0.08 0.125 0.145 0.17 0.17 0.17 0.19 0.18 0.18 0.035 
10:28:51.281876 0.000000 PR840 PS0095 D 0.085 0.18 0.235 0.25 0.26 0.21 0.225 0.205 0.165 0.175 
10:28:51.281948 0.000000 PR840 PS0096 D 0.16 0.17 0.23 0.23 0.255 0.245 0.16 0.16 0.12 0.14 
10:28:51.282021 0.000000 PR840 PS0097 D 0.145 0.12 0.19 0.1 0.13 0.12 0.09 0.015 0.015 0.025 
10:28:51.282093 0.000000 PR840 PS0098 D 0.035 0.03 0.035 0.105 0.085 0.08 0.01 -0.045 -0.05 -0.065 
10:28:51.282182 0.000000 PR840 PS0099 D -0.065 -0.015 0.04 0.055 0 -0.01 -0.085 -0.07 -0.125 -0.09 
10:28:51.282256 0.000000 PR840 PS009a D -0.11 -0.05 -0.03 -0.015 -0.01 0.01 -0.075 -0.15 -0.105 -0.12 
10:28:51.282329 0.000000 PR840 PS009b D -0.135 -0.09 -0.01 0.01 0.01 0 -0.045 -0.09 -0.11 -0.1 
10:28:51.282401 0.000000 PR840 PS009c D -0.105 -0.03 0.015 0.03 -0.005 -0.03 -0.1 -0.105 -0.09 -0.18 
10:28:51.282473 0.000000 PR840 PS009d D -0.125 -0.01 0.015 0.015 0.01 -0.02 -0.07 -0.09 -0.065 -0.145 
10:28:51.282586 0.000000 PR840 PS009e D -0.115 -0.015 -0.05 0.005 0.015 -0.01 -0.065 -0.09 -0.11 -0.065 
10:28:51.282662 0.000000 PR840 PS009f D -0.075 -0.03 -0.01 0.01 -0.005 0.01 -0.035 -0.085 -0.115 -0.095 
10:28:51.282735 0.000000 PR840 PS00a0 D -0.135 -0.075 0 0.015 0.01 -0.005 -0.07 -0.075 -0.09 -0.095 
10:28:51.282807 0.000000 PR840 PS00a1 D -0.075 -0.015 0.045 0.02 -0.065 -0.05 -0.105 -0.11 -0.125 -0.115 
10:28:51.282879 0.000000 PR840 PS00a2 D -0.1 0.01 0.01 0.01 -0.035 -0.015 -0.1 -0.145 -0.14 -0.15 
10:28:51.282950 0.000000 PR840 PS00a3 D -0.14 -0.01 -0.005 0.025 0.015 -0.025 -0.14 -0.12 -0.09 -0.11 
10:28:51.283021 0.000000 PR840 PS00a4 D -0.085 -0.05 -0.01 0.03 0.015 0.005 -0.09 -0.14 -0.135 -0.095 
10:28:51.283092 0.000000 PR840 PS00a5 D -0.11 -0.035 0.02 0.025 -0.02 -0.01 -0.075 -0.08 -0.085 -0.075 
10:28:51.283162 0.000000 PR840 PS00a6 D -0.065 0.02 -0.02 -0.015 0.02 0.03 -0.015 -0.035 -0.04 -0.045 
10:28:51.283233 0.000000 PR840 PS00a7 D -0.005 0.04 0.075 0.035 0.035 0.005 -0.06 -0.075 -0.09 -0.09 
10:28:51.283303 0.000000 PR840 PS00a8 D -0.035 -0.005 0.015 0.01 -0.1 -0.145 -0.09 -0.115 -0.155 -0.145 
10:28:51.283375 0.000000 PR840 PS00a9 D -0.1 0.005 -0.02 -0.03 -0.03 -0.11 -0.15 -0.15 -0.18 -0.125 
10:28:51.283446 0.000000 PR840 PS00aa D -0.075 -0.02 -0.015 -0.015 -0.02 -0.055 -0.14 -0.225 -0.15 -0.11 
10:28:51.283516 0.000000 PR840 PS00ab D -0.08 -0.065 -0.055 -0.05 -0.03 -0.115 -0.145 -0.14 -0.13 -0.14 
10:28:51.283587 0.000000 PR840 PS00ac D -0.055 -0.08 -0.025 -0.035 -0.125 -0.12 -0.145 -0.15 -0.15 -0.15 
10:28:51.283659 0.000000 PR840 PS00ad D -0.105 -0.055 -0.07 -0.115 -0.09 -0.13 -0.075 -0.03 0.03 0.075 
10:28:51.283729 0.000000 PR840 PS00ae D 0.205 0.295 0.385 0.445 0.525 0.46 0.45 0.41 0.37 0.35 
10:28:51.283800 0.000000 PR840 PS00af D 0.34 0.24 0.21 0.085 -0.025 -0.175 -0.225 -0.27 -0.27 -0.235 
10:28:51.283870 0.000000 PR840 PS00b0 D -0.14 -0.07 -0.035 -0.06 -0.03 -0.11 -0.105 -0.1 -0.085 -0.095 
10:28:51.283941 0.000000 PR840 PS00b1 D -0.06 -0.03 -0.025 -0.035 -0.005 -0.035 -0.145 -0.155 -0.135 -0.075 
10:28:51.284011 0.000000 PR840 PS00b2 D -0.02 0.015 -0.015 -0.035 -0.015 -0.08 -0.105 -0.11 -0.11 -0.095 
10:28:51.284082 0.000000 PR840 PS00b3 D 0.025 0.04 0.045 -0.01 -0.005 -0.1 -0.07 -0.085 -0.06 -0.08 
10:28:51.284152 0.000000 PR840 PS00b4 D -0.005 0.035 0.05 0.01 -0.035 -0.095 -0.08 -0.095 -0.045 -0.035 
10:28:51.284223 0.000000 PR840 PS00b5 D 0.03 0.06 0.025 0.03 0.015 -0.07 -0.085 -0.035 -0.02 -0.02 
10:28:51.284295 0.000000 PR840 PS00b6 D 0.02 0.095 0.11 0.07 0.02 -0.005 -0.015 -0.005 0.005 0.045 
10:28:51.284396 0.000000 PR840 PS00b7 D 0.1 0.085 0.1 0.135 0.075 0 0.025 -0.005 0.05 0.105 
10:28:51.284473 0.000000 PR840 PS00b8 D 0.16 0.175 0.19 0.17 0.15 0.115 0.105 0.08 0.135 0.21 
10:28:51.284547 0.000000 PR840 PS00b9 D 0.245 0.23 0.225 0.22 0.145 0.15 0.17 0.165 0.14 0.21 
10:28:51.284619 0.000000 PR840 PS00ba D 0.225 0.21 0.185 0.215 0.185 0.15 0.12 0.115 0.125 0.155 
10:28:51.284691 0.000000 PR840 PS00bb D 0.155 0.145 0.14 0.14 0.1 0.035 0.005 -0.02 0.005 0.08 
10:28:51.284762 0.000000 PR840 PS00bc D 0.095 0.1 0.075 0.06 -0.02 -0.06 -0.055 -0.075 -0.06 -0.06 
10:28:51.284833 0.000000 PR840 PS00bd D -0.01 -0.035 -0.01 0.015 -0.08 -0.11 -0.16 -0.115 -0.11 -0.04 
10:28:51.284905 0.000000 PR840 PS00be D -0.005 -0.015 -0.02 -0.015 -0.075 -0.125 -0.155 -0.155 -0.125 -0.03 
10:28:51.284978 0.000000 PR840 PS00bf D -0.03 -0.065 -0.02 0.005 -0.105 -0.115 -0.1 -0.09 -0.1 -0.09 
