10:28:21.218328 0.000000 PR840 PS0001 D -0.1 -0.085 -0.01 0 -0.025 -0.035 -0.045 -0.075 -0.125 -0.125 
10:28:21.218520 0.000000 PR840 PS0002 D -0.15 -0.1 -0.02 0.005 0.01 0 -0.06 -0.105 -0.11 -0.1 
10:28:21.218576 0.000000 PR840 PS0003 D -0.08 -0.075 -0.035 0.01 0.02 -0.025 -0.06 -0.175 -0.14 -0.1 
10:28:21.218618 0.000000 PR840 PS0004 D -0.1 -0.045 -0.015 -0.005 -0.01 -0.01 -0.085 -0.105 -0.12 -0.15 
10:28:21.218654 0.000000 PR840 PS0005 D -0.13 -0.045 -0.01 -0.01 -0.035 -0.08 -0.085 -0.08 -0.12 -0.14 
10:28:21.218682 0.000000 PR840 PS0006 D -0.11 -0.04 0 0 -0.01 -0.04 -0.08 -0.12 -0.14 -0.11 
10:28:21.218713 0.000000 PR840 PS0007 D -0.11 -0.065 -0.045 -0.055 -0.035 -0.03 -0.095 -0.11 -0.125 -0.13 
10:28:21.218745 0.000000 PR840 PS0008 D -0.125 -0.05 -0.015 0.005 -0.01 -0.05 -0.1 -0.09 -0.12 -0.12 
10:28:21.218777 0.000000 PR840 PS0009 D -0.085 -0.015 0.045 0.055 0 -0.035 -0.06 -0.075 -0.145 -0.075 
10:28:21.218806 0.000000 PR840 PS000a D -0.05 0.015 0.035 0.025 0.015 0.015 -0.055 -0.07 -0.035 -0.055 
10:28:21.218834 0.000000 PR840 PS000b D -0.02 0.06 0.075 0.06 -0.01 -0.015 -0.06 -0.08 -0.115 -0.115 
10:28:21.218863 0.000000 PR840 PS000c D -0.065 0.015 0.015 0.025 -0.025 -0.05 -0.095 -0.15 -0.14 -0.12 
10:28:21.218890 0.000000 PR840 PS000d D -0.075 -0.06 -0.065 -0.01 -0.02 -0.065 -0.12 -0.155 -0.17 -0.15 
10:28:21.218918 0.000000 PR840 PS000e D -0.115 -0.05 -0.05 -0.04 -0.04 -0.07 -0.125 -0.14 -0.135 -0.125 
10:28:21.218945 0.000000 PR840 PS000f D -0.11 -0.08 -0.02 -0.01 -0.045 -0.065 -0.135 -0.185 -0.185 -0.18 
10:28:21.218971 0.000000 PR840 PS0010 D -0.095 -0.07 -0.055 -0.05 -0.05 -0.095 -0.15 -0.165 -0.165 -0.165 
10:28:21.218999 0.000000 PR840 PS0011 D -0.135 -0.155 -0.085 -0.065 -0.03 -0.005 -0.02 0.02 0.1 0.2 
10:28:21.219026 0.000000 PR840 PS0012 D 0.3 0.43 0.565 0.675 0.75 0.695 0.645 0.585 0.52 0.415 
10:28:21.219053 0.000000 PR840 PS0013 D 0.335 0.315 0.19 0.06 -0.125 -0.26 -0.28 -0.25 -0.2 -0.185 
10:28:21.219080 0.000000 PR840 PS0014 D -0.145 -0.05 -0.02 -0.03 -0.03 -0.045 -0.09 -0.125 -0.105 -0.12 
10:28:21.219108 0.000000 PR840 PS0015 D -0.05 -0.03 -0.02 -0.025 -0.005 -0.08 -0.065 -0.09 -0.07 -0.105 
10:28:21.219135 0.000000 PR840 PS0016 D -0.08 -0.025 -0.005 -0.035 -0.035 -0.09 -0.105 -0.145 -0.11 -0.065 
10:28:21.219162 0.000000 PR840 PS0017 D -0.005 0.03 -0.015 0.015 0.01 -0.06 -0.075 -0.095 -0.08 -0.075 
10:28:21.219189 0.000000 PR840 PS0018 D 0.045 0.06 0.055 -0.005 -0.015 -0.035 -0.06 -0.06 -0.05 -0.015 
10:28:21.219216 0.000000 PR840 PS0019 D -0.015 0.025 0.045 0.04 0.02 -0.015 -0.03 0.01 -0.05 -0.095 
10:28:21.219244 0.000000 PR840 PS001a D 0.01 0.08 0.095 0.08 0.06 0 -0.01 -0.015 -0.005 0.04 
10:28:21.219272 0.000000 PR840 PS001b D 0.09 0.11 0.14 0.105 0.1 0.095 0.06 0.055 0.075 0.095 
10:28:21.219300 0.000000 PR840 PS001c D 0.16 0.225 0.225 0.215 0.215 0.14 0.115 0.12 0.125 0.18 
10:28:21.219328 0.000000 PR840 PS001d D 0.245 0.25 0.28 0.255 0.215 0.18 0.16 0.165 0.19 0.235 
10:28:21.219355 0.000000 PR840 PS001e D 0.285 0.305 0.27 0.255 0.205 0.175 0.17 0.115 0.145 0.195 
10:28:21.219383 0.000000 PR840 PS001f D 0.2 0.22 0.215 0.145 0.12 0.09 0.085 0.04 0.03 0.045 
10:28:21.219410 0.000000 PR840 PS0020 D 0.085 0.09 0.14 0.105 0.03 -0.025 -0.055 -0.035 -0.035 -0.005 
10:28:21.219438 0.000000 PR840 PS0021 D 0.03 0.035 0.02 0 -0.05 -0.08 -0.115 -0.1 -0.115 -0.05 
10:28:21.219464 0.000000 PR840 PS0022 D -0.01 -0.01 -0.005 -0.015 -0.055 -0.095 -0.12 -0.115 -0.09 -0.025 
10:28:21.219491 0.000000 PR840 PS0023 D -0.005 -0.02 -0.03 -0.025 -0.07 -0.105 -0.125 -0.125 -0.1 0 
10:28:21.219519 0.000000 PR840 PS0024 D 0.02 -0.05 -0.065 -0.01 -0.07 -0.09 -0.125 -0.12 -0.085 -0.03 
10:28:21.219545 0.000000 PR840 PS0025 D -0.005 0.01 -0.015 -0.025 -0.07 -0.085 -0.105 -0.09 -0.1 -0.04 
10:28:21.219572 0.000000 PR840 PS0026 D 0.02 0.03 0.015 -0.03 -0.115 -0.115 -0.115 -0.07 -0.065 -0.01 
10:28:21.219599 0.000000 PR840 PS0027 D 0.015 -0.005 0.025 -0.03 -0.12 -0.135 -0.11 -0.07 -0.075 -0.01 
10:28:21.219626 0.000000 PR840 PS0028 D 0.005 0 0.01 0 -0.055 -0.09 -0.08 -0.08 -0.105 -0.01 
10:28:21.219653 0.000000 PR840 PS0029 D -0.025 -0.01 -0.015 -0.015 -0.095 -0.115 -0.11 -0.09 -0.065 -0.015 
